%YAML:1.0
---
camera_matrix: !!opencv-matrix
   rows: 3
   cols: 3
   dt: d
   data: [ 6.2411024843460268e+02, 0., 3.2945843094643038e+02, 0.,
       6.2296700056955183e+02, 2.3477758943544052e+02, 0., 0., 1. ]
distortion_matrix: !!opencv-matrix
   rows: 1
   cols: 5
   dt: d
   data: [ 1.1464512905453908e-02, 1.1804220572606641e+00,
       4.1983982231136264e-04, 2.3181296717824777e-03,
       -4.7890566968638755e+00 ]
optimal_camera_matrix: !!opencv-matrix
   rows: 3
   cols: 3
   dt: d
   data: [ 5.4720977783203125e+02, 0., 3.1561585115308844e+02, 0.,
       5.8859747314453125e+02, 2.3119098544249027e+02, 0., 0., 1. ]
image_size: !!opencv-matrix
   rows: 2
   cols: 1
   dt: d
   data: [ 640., 480. ]
